Time,A,B,C,T1,A1,B1,C1,D1
10,0.0002419618667,0.0002114887333,0.0003461568367,0.08333333333,0.002419618667,0.002114887333,0.003461568367,0.8333333333
20,0.0002419618667,0.0002114887333,0.0003461568367,0.1666666667,0.002419618667,0.002114887333,0.003461568367,1.666666667
30,0.1388308979,0.0376216318,0.2385335853,0.25,1.388308979,0.376216318,2.385335853,2.5
40,0.1388308979,0.0376216318,0.2385335853,0.3333333333,1.388308979,0.376216318,2.385335853,3.333333333
50,0.1388308979,0.0376216318,0.2385335853,0.4166666667,1.388308979,0.376216318,2.385335853,4.166666667
60,0.3966633647,0.08792683493,0.3194831053,0.5,3.966633647,0.8792683493,3.194831053,5
70,0.3966633647,0.08792683493,0.3194831053,0.5833333333,3.966633647,0.8792683493,3.194831053,5.833333333
80,0.3966633647,0.08792683493,0.3194831053,0.6666666667,3.966633647,0.8792683493,3.194831053,6.666666667
90,0.2819595853,0.1119317538,0.2578304792,0.75,2.819595853,1.119317538,2.578304792,7.5
100,0.2819595853,0.1119317538,0.2578304792,0.8333333333,2.819595853,1.119317538,2.578304792,8.333333333
110,0.2819595853,0.1119317538,0.2578304792,0.9166666667,2.819595853,1.119317538,2.578304792,9.166666667
120,0.3697404862,0.04992837847,0.4309658572,1,3.697404862,0.4992837847,4.309658572,10
130,0.3697404862,0.04992837847,0.4309658572,1.083333333,3.697404862,0.4992837847,4.309658572,10.83333333
140,0.3697404862,0.04992837847,0.4309658572,1.166666667,3.697404862,0.4992837847,4.309658572,11.66666667
150,0.699165083,0.1177743571,0.6690759504,1.25,6.99165083,1.177743571,6.690759504,12.5
160,0.699165083,0.1177743571,0.6690759504,1.333333333,6.99165083,1.177743571,6.690759504,13.33333333
170,0.699165083,0.1177743571,0.6690759504,1.416666667,6.99165083,1.177743571,6.690759504,14.16666667
180,0.8199433139,0.1076768139,0.6395610887,1.5,8.199433139,1.076768139,6.395610887,15
190,0.8199433139,0.1076768139,0.6395610887,1.583333333,8.199433139,1.076768139,6.395610887,15.83333333
200,0.8199433139,0.1076768139,0.6395610887,1.666666667,8.199433139,1.076768139,6.395610887,16.66666667
210,1.201774313,0.2086970309,1.017563953,1.75,12.01774313,2.086970309,10.17563953,17.5
220,1.201774313,0.2086970309,1.017563953,1.833333333,12.01774313,2.086970309,10.17563953,18.33333333
230,1.201774313,0.2086970309,1.017563953,1.916666667,12.01774313,2.086970309,10.17563953,19.16666667
240,1.398639442,0.1472926193,1.027884348,2,13.98639442,1.472926193,10.27884348,20
250,1.398639442,0.1472926193,1.027884348,2.083333333,13.98639442,1.472926193,10.27884348,20.83333333
260,1.398639442,0.1472926193,1.027884348,2.166666667,13.98639442,1.472926193,10.27884348,21.66666667
270,1.263597891,0.1878081363,0.9501250183,2.25,12.63597891,1.878081363,9.501250183,22.5
280,1.263597891,0.1878081363,0.9501250183,2.333333333,12.63597891,1.878081363,9.501250183,23.33333333
290,1.263597891,0.1878081363,0.9501250183,2.416666667,12.63597891,1.878081363,9.501250183,24.16666667
300,1.314200166,0.1769977987,1.691053734,2.5,13.14200166,1.769977987,16.91053734,25
310,1.314200166,0.1769977987,1.691053734,2.583333333,13.14200166,1.769977987,16.91053734,25.83333333
320,1.314200166,0.1769977987,1.691053734,2.666666667,13.14200166,1.769977987,16.91053734,26.66666667
330,3.408845473,0.2815956275,2.578167967,2.75,34.08845473,2.815956275,25.78167967,27.5
340,3.408845473,0.2815956275,2.578167967,2.833333333,34.08845473,2.815956275,25.78167967,28.33333333
350,3.408845473,0.2815956275,2.578167967,2.916666667,34.08845473,2.815956275,25.78167967,29.16666667
360,2.747002761,0.1294130637,1.951040889,3,27.47002761,1.294130637,19.51040889,30
370,2.747002761,0.1294130637,1.951040889,3.083333333,27.47002761,1.294130637,19.51040889,30.83333333
380,2.747002761,0.1294130637,1.951040889,3.166666667,27.47002761,1.294130637,19.51040889,31.66666667
390,2.412842979,0.342404338,1.834462281,3.25,24.12842979,3.42404338,18.34462281,32.5
400,2.412842979,0.342404338,1.834462281,3.333333333,24.12842979,3.42404338,18.34462281,33.33333333
410,2.412842979,0.342404338,1.834462281,3.416666667,24.12842979,3.42404338,18.34462281,34.16666667
420,2.871379515,0.2338195889,2.080168923,3.5,28.71379515,2.338195889,20.80168923,35
430,2.871379515,0.2338195889,2.080168923,3.583333333,28.71379515,2.338195889,20.80168923,35.83333333
440,2.871379515,0.2338195889,2.080168923,3.666666667,28.71379515,2.338195889,20.80168923,36.66666667
450,2.878373126,0.1261908731,2.038380084,3.75,28.78373126,1.261908731,20.38380084,37.5
460,2.878373126,0.1261908731,2.038380084,3.833333333,28.78373126,1.261908731,20.38380084,38.33333333
470,2.878373126,0.1261908731,2.038380084,3.916666667,28.78373126,1.261908731,20.38380084,39.16666667
480,0,0.2893397815,0.4080051841,4,0,2.893397815,4.080051841,40
490,0,0.2893397815,0.4080051841,4.083333333,0,2.893397815,4.080051841,40.83333333
500,0,0.2893397815,0.4080051841,4.166666667,0,2.893397815,4.080051841,41.66666667
510,0.9586045498,0.1920417853,1.078224037,4.25,9.586045498,1.920417853,10.78224037,42.5
520,0.9586045498,0.1920417853,1.078224037,4.333333333,9.586045498,1.920417853,10.78224037,43.33333333
530,0.9586045498,0.1920417853,1.078224037,4.416666667,9.586045498,1.920417853,10.78224037,44.16666667
540,1.14622376,0.1856011692,0.8362587425,4.5,11.4622376,1.856011692,8.362587425,45
550,1.14622376,0.1856011692,0.8362587425,4.583333333,11.4622376,1.856011692,8.362587425,45.83333333
560,1.14622376,0.1856011692,0.8362587425,4.666666667,11.4622376,1.856011692,8.362587425,46.66666667
570,4.047553975,0.4017593319,2.720581589,4.75,40.47553975,4.017593319,27.20581589,47.5
580,4.047553975,0.4017593319,2.720581589,4.833333333,40.47553975,4.017593319,27.20581589,48.33333333
590,4.047553975,0.4017593319,2.720581589,4.916666667,40.47553975,4.017593319,27.20581589,49.16666667
600,5.353062204,0.268631498,3.149780214,5,53.53062204,2.68631498,31.49780214,50
610,5.353062204,0.268631498,3.149780214,5.083333333,53.53062204,2.68631498,31.49780214,50.83333333
620,5.353062204,0.268631498,3.149780214,5.166666667,53.53062204,2.68631498,31.49780214,51.66666667
630,3.427127789,0.3631910822,2.84126254,5.25,34.27127789,3.631910822,28.4126254,52.5
640,3.427127789,0.3631910822,2.84126254,5.333333333,34.27127789,3.631910822,28.4126254,53.33333333
650,3.427127789,0.3631910822,2.84126254,5.416666667,34.27127789,3.631910822,28.4126254,54.16666667
660,4.626507308,0.3075050293,2.595383235,5.5,46.26507308,3.075050293,25.95383235,55
670,4.626507308,0.3075050293,2.595383235,5.583333333,46.26507308,3.075050293,25.95383235,55.83333333
680,4.626507308,0.3075050293,2.595383235,5.666666667,46.26507308,3.075050293,25.95383235,56.66666667
690,3.500626962,0.2765874191,2.766004357,5.75,35.00626962,2.765874191,27.66004357,57.5
700,3.500626962,0.2765874191,2.766004357,5.833333333,35.00626962,2.765874191,27.66004357,58.33333333
710,3.500626962,0.2765874191,2.766004357,5.916666667,35.00626962,2.765874191,27.66004357,59.16666667
720,4.208410697,0.2779267363,2.809596109,6,42.08410697,2.779267363,28.09596109,60
730,4.208410697,0.2779267363,2.809596109,6.083333333,42.08410697,2.779267363,28.09596109,60.83333333
740,4.208410697,0.2779267363,2.809596109,6.166666667,42.08410697,2.779267363,28.09596109,61.66666667
750,4.971705422,0.2736636028,3.608380522,6.25,49.71705422,2.736636028,36.08380522,62.5
760,4.971705422,0.2736636028,3.608380522,6.333333333,49.71705422,2.736636028,36.08380522,63.33333333
770,4.971705422,0.2736636028,3.608380522,6.416666667,49.71705422,2.736636028,36.08380522,64.16666667
780,7.551303603,0.2581371687,4.488073824,6.5,75.51303603,2.581371687,44.88073824,65
790,7.551303603,0.2581371687,4.488073824,6.583333333,75.51303603,2.581371687,44.88073824,65.83333333
800,7.551303603,0.2581371687,4.488073824,6.666666667,75.51303603,2.581371687,44.88073824,66.66666667
810,4.20360321,0.3260237385,2.441285224,6.75,42.0360321,3.260237385,24.41285224,67.5
820,4.20360321,0.3260237385,2.441285224,6.833333333,42.0360321,3.260237385,24.41285224,68.33333333
830,4.20360321,0.3260237385,2.441285224,6.916666667,42.0360321,3.260237385,24.41285224,69.16666667
840,3.478046614,0.2468696119,3.189918411,7,34.78046614,2.468696119,31.89918411,70
850,3.478046614,0.2468696119,3.189918411,7.083333333,34.78046614,2.468696119,31.89918411,70.83333333
860,3.478046614,0.2468696119,3.189918411,7.166666667,34.78046614,2.468696119,31.89918411,71.66666667
870,2.787213927,0.3038534053,2.361143567,7.25,27.87213927,3.038534053,23.61143567,72.5
880,2.787213927,0.3038534053,2.361143567,7.333333333,27.87213927,3.038534053,23.61143567,73.33333333
890,2.787213927,0.3038534053,2.361143567,7.416666667,27.87213927,3.038534053,23.61143567,74.16666667
900,1.165911076,0.2699963947,1.475307341,7.5,11.65911076,2.699963947,14.75307341,75
910,1.165911076,0.2699963947,1.475307341,7.583333333,11.65911076,2.699963947,14.75307341,75.83333333
920,1.165911076,0.2699963947,1.475307341,7.666666667,11.65911076,2.699963947,14.75307341,76.66666667
930,3.834131416,0.7460052144,2.245630335,7.75,38.34131416,7.460052144,22.45630335,77.5
940,3.834131416,0.7460052144,2.245630335,7.833333333,38.34131416,7.460052144,22.45630335,78.33333333
950,3.834131416,0.7460052144,2.245630335,7.916666667,38.34131416,7.460052144,22.45630335,79.16666667
960,10.01212158,0.3414316637,5.324386861,8,100.1212158,3.414316637,53.24386861,80
970,10.01212158,0.3414316637,5.324386861,8.083333333,100.1212158,3.414316637,53.24386861,80.83333333
980,10.01212158,0.3414316637,5.324386861,8.166666667,100.1212158,3.414316637,53.24386861,81.66666667
990,5.732918093,0.6312339923,3.900412698,8.25,57.32918093,6.312339923,39.00412698,82.5
1000,5.732918093,0.6312339923,3.900412698,8.333333333,57.32918093,6.312339923,39.00412698,83.33333333
1010,5.732918093,0.6312339923,3.900412698,8.416666667,57.32918093,6.312339923,39.00412698,84.16666667
1020,6.673284485,0.4041089128,4.210387473,8.5,66.73284485,4.041089128,42.10387473,85
1030,6.673284485,0.4041089128,4.210387473,8.583333333,66.73284485,4.041089128,42.10387473,85.83333333
1040,6.673284485,0.4041089128,4.210387473,8.666666667,66.73284485,4.041089128,42.10387473,86.66666667
1050,9.192492527,0.7563619274,5.173785773,8.75,91.92492527,7.563619274,51.73785773,87.5
1060,9.192492527,0.7563619274,5.173785773,8.833333333,91.92492527,7.563619274,51.73785773,88.33333333
1070,9.192492527,0.7563619274,5.173785773,8.916666667,91.92492527,7.563619274,51.73785773,89.16666667
1080,8.704538322,0.8352172212,4.980309952,9,87.04538322,8.352172212,49.80309952,90
1090,8.704538322,0.8352172212,4.980309952,9.083333333,87.04538322,8.352172212,49.80309952,90.83333333
1100,8.704538322,0.8352172212,4.980309952,9.166666667,87.04538322,8.352172212,49.80309952,91.66666667
1110,7.759106578,0.7676143929,4.524032455,9.25,77.59106578,7.676143929,45.24032455,92.5
1120,7.759106578,0.7676143929,4.524032455,9.333333333,77.59106578,7.676143929,45.24032455,93.33333333
1130,7.759106578,0.7676143929,4.524032455,9.416666667,77.59106578,7.676143929,45.24032455,94.16666667
1140,8.39444313,1.064927604,4.796415086,9.5,83.9444313,10.64927604,47.96415086,95
1150,8.39444313,1.064927604,4.796415086,9.583333333,83.9444313,10.64927604,47.96415086,95.83333333
1160,8.39444313,1.064927604,4.796415086,9.666666667,83.9444313,10.64927604,47.96415086,96.66666667
1170,7.044888189,0.9243471155,3.930449279,9.75,70.44888189,9.243471155,39.30449279,97.5
1180,7.044888189,0.9243471155,3.930449279,9.833333333,70.44888189,9.243471155,39.30449279,98.33333333
1190,7.044888189,0.9243471155,3.930449279,9.916666667,70.44888189,9.243471155,39.30449279,99.16666667
1200,9.654544494,0.7903782167,5.426194009,10,96.54544494,7.903782167,54.26194009,100
1210,9.654544494,0.7903782167,5.426194009,10.08333333,96.54544494,7.903782167,54.26194009,100.8333333
1220,9.654544494,0.7903782167,5.426194009,10.16666667,96.54544494,7.903782167,54.26194009,101.6666667
1230,10.77119076,0.4689559565,5.648742242,10.25,107.7119076,4.689559565,56.48742242,102.5
1240,10.77119076,0.4689559565,5.648742242,10.33333333,107.7119076,4.689559565,56.48742242,103.3333333
1250,10.77119076,0.4689559565,5.648742242,10.41666667,107.7119076,4.689559565,56.48742242,104.1666667
1260,5.919578957,1.144104267,3.65659408,10.5,59.19578957,11.44104267,36.5659408,105
1270,5.919578957,1.144104267,3.65659408,10.58333333,59.19578957,11.44104267,36.5659408,105.8333333
1280,5.919578957,1.144104267,3.65659408,10.66666667,59.19578957,11.44104267,36.5659408,106.6666667
1290,7.168676662,1.34341443,4.057587443,10.75,71.68676662,13.4341443,40.57587443,107.5
1300,7.168676662,1.34341443,4.057587443,10.83333333,71.68676662,13.4341443,40.57587443,108.3333333
1310,7.168676662,1.34341443,4.057587443,10.91666667,71.68676662,13.4341443,40.57587443,109.1666667
1320,5.579040429,0.9839179631,3.91721886,11,55.79040429,9.839179631,39.1721886,110
1330,5.579040429,0.9839179631,3.91721886,11.08333333,55.79040429,9.839179631,39.1721886,110.8333333
1340,5.579040429,0.9839179631,3.91721886,11.16666667,55.79040429,9.839179631,39.1721886,111.6666667
1350,8.244201646,1.713855101,4.404230404,11.25,82.44201646,17.13855101,44.04230404,112.5
1360,8.244201646,1.713855101,4.404230404,11.33333333,82.44201646,17.13855101,44.04230404,113.3333333
1370,8.244201646,1.713855101,4.404230404,11.41666667,82.44201646,17.13855101,44.04230404,114.1666667
1380,6.510707816,0.4004547049,4.271044783,11.5,65.10707816,4.004547049,42.71044783,115
1390,6.510707816,0.4004547049,4.271044783,11.58333333,65.10707816,4.004547049,42.71044783,115.8333333
1400,6.510707816,0.4004547049,4.271044783,11.66666667,65.10707816,4.004547049,42.71044783,116.6666667
1410,4.000045602,0.6227426768,2.705413561,11.75,40.00045602,6.227426768,27.05413561,117.5
1420,4.000045602,0.6227426768,2.705413561,11.83333333,40.00045602,6.227426768,27.05413561,118.3333333
1430,4.000045602,0.6227426768,2.705413561,11.91666667,40.00045602,6.227426768,27.05413561,119.1666667
1440,7.491072602,1.287788825,4.868064112,12,74.91072602,12.87788825,48.68064112,120
1450,7.491072602,1.287788825,4.868064112,12.08333333,74.91072602,12.87788825,48.68064112,120.8333333
1460,7.491072602,1.287788825,4.868064112,12.16666667,74.91072602,12.87788825,48.68064112,121.6666667
1470,7.491072602,1.287788825,4.457958323,12.25,74.91072602,12.87788825,44.57958323,122.5
1480,7.491072602,1.287788825,4.457958323,12.33333333,74.91072602,12.87788825,44.57958323,123.3333333
1490,7.491072602,1.287788825,4.457958323,12.41666667,74.91072602,12.87788825,44.57958323,124.1666667
1500,9.799026585,1.635127577,5.238996911,12.5,97.99026585,16.35127577,52.38996911,125
1510,9.799026585,1.635127577,5.238996911,12.58333333,97.99026585,16.35127577,52.38996911,125.8333333
1520,9.799026585,1.635127577,5.238996911,12.66666667,97.99026585,16.35127577,52.38996911,126.6666667
1530,6.176111211,0.9215767795,4.53895071,12.75,61.76111211,9.215767795,45.3895071,127.5
1540,6.176111211,0.9215767795,4.53895071,12.83333333,61.76111211,9.215767795,45.3895071,128.3333333
1550,6.176111211,0.9215767795,4.53895071,12.91666667,61.76111211,9.215767795,45.3895071,129.1666667
1560,8.809994507,1.23673124,5.372533857,13,88.09994507,12.3673124,53.72533857,130
1570,8.809994507,1.23673124,5.372533857,13.08333333,88.09994507,12.3673124,53.72533857,130.8333333
1580,8.809994507,1.23673124,5.372533857,13.16666667,88.09994507,12.3673124,53.72533857,131.6666667
1590,6.159761862,1.245802699,3.972232733,13.25,61.59761862,12.45802699,39.72232733,132.5
1600,6.159761862,1.245802699,3.972232733,13.33333333,61.59761862,12.45802699,39.72232733,133.3333333
1610,6.159761862,1.245802699,3.972232733,13.41666667,61.59761862,12.45802699,39.72232733,134.1666667
1620,9.294846485,1.796006394,5.663114118,13.5,92.94846485,17.96006394,56.63114118,135
1630,9.294846485,1.796006394,5.352814002,13.58333333,92.94846485,17.96006394,53.52814002,135.8333333
1640,9.294846485,1.796006394,5.352814002,13.66666667,92.94846485,17.96006394,53.52814002,136.6666667
1650,7.370250975,1.698999469,4.390516247,13.75,73.70250975,16.98999469,43.90516247,137.5
1660,7.370250975,1.698999469,4.807653298,13.83333333,73.70250975,16.98999469,48.07653298,138.3333333
1670,7.370250975,1.698999469,4.807653298,13.91666667,73.70250975,16.98999469,48.07653298,139.1666667
1680,6.059250184,1.572141264,4.152152903,14,60.59250184,15.72141264,41.52152903,140
1690,6.059250184,1.572141264,3.742047114,14.08333333,60.59250184,15.72141264,37.42047114,140.8333333
1700,6.059250184,1.572141264,3.742047114,14.16666667,60.59250184,15.72141264,37.42047114,141.6666667
1710,8.91316918,0.9154448877,5.169006612,14.25,89.1316918,9.154448877,51.69006612,142.5
1720,8.91316918,0.9154448877,4.796068208,14.33333333,89.1316918,9.154448877,47.96068208,143.3333333
1730,8.91316918,0.9154448877,4.796068208,14.41666667,89.1316918,9.154448877,47.96068208,144.1666667
1740,7.215567492,1.966226799,3.947267365,14.5,72.15567492,19.66226799,39.47267365,145
1750,7.215567492,1.966226799,5.05867885,14.58333333,72.15567492,19.66226799,50.5867885,145.8333333
1760,7.215567492,1.966226799,5.05867885,14.66666667,72.15567492,19.66226799,50.5867885,146.6666667
1770,4.687627845,0.9247085387,3.359504798,14.75,46.87627845,9.247085387,33.59504798,147.5
1780,4.687627845,0.9247085387,3.049204682,14.83333333,46.87627845,9.247085387,30.49204682,148.3333333
1790,4.687627845,0.9247085387,3.049204682,14.91666667,46.87627845,9.247085387,30.49204682,149.1666667
1800,7.00844704,2.211147409,4.20961428,15,70.0844704,22.11147409,42.0961428,150
1810,7.00844704,2.211147409,4.626751331,15.08333333,70.0844704,22.11147409,46.26751331,150.8333333
1820,7.00844704,2.211147409,4.626751331,15.16666667,70.0844704,22.11147409,46.26751331,151.6666667
1830,12.4027456,2.161850708,7.323900613,15.25,124.027456,21.61850708,73.23900613,152.5
1840,12.4027456,2.161850708,6.913794824,15.33333333,124.027456,21.61850708,69.13794824,153.3333333
1850,12.4027456,2.161850708,6.913794824,15.41666667,124.027456,21.61850708,69.13794824,154.1666667
1860,15.26142084,1.611357691,8.34313244,15.5,152.6142084,16.11357691,83.4313244,155
1870,15.26142084,1.611357691,7.970194036,15.58333333,152.6142084,16.11357691,79.70194036,155.8333333
1880,15.26142084,1.611357691,7.970194036,15.66666667,152.6142084,16.11357691,79.70194036,156.6666667
1890,13.93481828,2.202999606,7.306892759,15.75,139.3481828,22.02999606,73.06892759,157.5
1900,13.93481828,2.202999606,8.418304245,15.83333333,139.3481828,22.02999606,84.18304245,158.3333333
1910,13.93481828,2.202999606,8.418304245,15.91666667,139.3481828,22.02999606,84.18304245,159.1666667
1920,9.21796332,2.187486786,7.793412091,16,92.1796332,21.87486786,77.93412091,160
1930,9.21796332,2.187486786,7.793412091,16.08333333,92.1796332,21.87486786,77.93412091,160.8333333
1940,9.21796332,2.187486786,7.793412091,16.16666667,92.1796332,21.87486786,77.93412091,161.6666667
1950,7.343789218,1.418322885,5.291578857,16.25,73.43789218,14.18322885,52.91578857,162.5
1960,7.343789218,1.418322885,5.291578857,16.33333333,73.43789218,14.18322885,52.91578857,163.3333333
1970,7.343789218,1.418322885,5.291578857,16.41666667,73.43789218,14.18322885,52.91578857,164.1666667
1980,8.299231245,2.177251954,6.428437819,16.5,82.99231245,21.77251954,64.28437819,165
1990,8.299231245,2.177251954,6.428437819,16.58333333,82.99231245,21.77251954,64.28437819,165.8333333
2000,8.299231245,2.177251954,6.428437819,16.66666667,82.99231245,21.77251954,64.28437819,166.6666667
2010,9.248813866,1.670237258,7.974234591,16.75,92.48813866,16.70237258,79.74234591,167.5
2020,9.248813866,1.670237258,7.974234591,16.83333333,92.48813866,16.70237258,79.74234591,168.3333333
2030,9.248813866,1.670237258,7.974234591,16.91666667,92.48813866,16.70237258,79.74234591,169.1666667
2040,11.51291796,2.514719368,10.47244424,17,115.1291796,25.14719368,104.7244424,170
2050,11.51291796,2.514719368,10.47244424,17.08333333,115.1291796,25.14719368,104.7244424,170.8333333
2060,11.51291796,2.514719368,10.47244424,17.16666667,115.1291796,25.14719368,104.7244424,171.6666667
2070,10.07710474,2.701701296,9.532915996,17.25,100.7710474,27.01701296,95.32915996,172.5
2080,10.07710474,2.701701296,9.532915996,17.33333333,100.7710474,27.01701296,95.32915996,173.3333333
2090,10.07710474,2.701701296,9.532915996,17.41666667,100.7710474,27.01701296,95.32915996,174.1666667
2100,10.88856787,0.8448694089,10.83116444,17.5,108.8856787,8.448694089,108.3116444,175
2110,10.88856787,0.8448694089,10.83116444,17.58333333,108.8856787,8.448694089,108.3116444,175.8333333
2120,10.88856787,0.8448694089,10.83116444,17.66666667,108.8856787,8.448694089,108.3116444,176.6666667
2130,8.982729012,1.64294516,7.675794937,17.75,89.82729012,16.4294516,76.75794937,177.5
2140,8.982729012,1.64294516,7.675794937,17.83333333,89.82729012,16.4294516,76.75794937,178.3333333
2150,8.982729012,1.64294516,7.675794937,17.91666667,89.82729012,16.4294516,76.75794937,179.1666667
2160,10.60458203,2.211138643,6.921975262,18,106.0458203,22.11138643,69.21975262,180
2170,10.60458203,2.211138643,6.921975262,18.08333333,106.0458203,22.11138643,69.21975262,180.8333333
2180,10.60458203,2.211138643,6.921975262,18.16666667,106.0458203,22.11138643,69.21975262,181.6666667
2190,7.644555378,1.711444872,6.101099885,18.25,76.44555378,17.11444872,61.01099885,182.5
2200,7.644555378,1.711444872,6.101099885,18.33333333,76.44555378,17.11444872,61.01099885,183.3333333
2210,7.644555378,1.711444872,6.101099885,18.41666667,76.44555378,17.11444872,61.01099885,184.1666667
2220,8.823323508,0.9571295495,7.761489412,18.5,88.23323508,9.571295495,77.61489412,185
2230,8.823323508,0.9571295495,7.761489412,18.58333333,88.23323508,9.571295495,77.61489412,185.8333333
2240,8.823323508,0.9571295495,7.761489412,18.66666667,88.23323508,9.571295495,77.61489412,186.6666667
2250,10.09086926,2.261675487,9.761419894,18.75,100.9086926,22.61675487,97.61419894,187.5
2260,10.09086926,2.261675487,9.761419894,18.83333333,100.9086926,22.61675487,97.61419894,188.3333333
2270,10.09086926,2.261675487,9.23417903,18.91666667,100.9086926,22.61675487,92.3417903,189.1666667
2280,7.189393825,1.927524001,6.603018978,19,71.89393825,19.27524001,66.03018978,190
2290,7.189393825,1.927524001,6.603018978,19.08333333,71.89393825,19.27524001,66.03018978,190.8333333
2300,7.189393825,1.927524001,6.603018978,19.16666667,71.89393825,19.27524001,66.03018978,191.6666667
2310,12.26584503,2.83785673,11.36372127,19.25,122.6584503,28.3785673,113.6372127,192.5
2320,12.26584503,2.83785673,11.36372127,19.33333333,122.6584503,28.3785673,113.6372127,193.3333333
2330,12.26584503,2.83785673,11.36372127,19.41666667,122.6584503,28.3785673,113.6372127,194.1666667
2340,6.571007331,1.279803624,7.123727257,19.5,65.71007331,12.79803624,71.23727257,195
2350,6.571007331,1.279803624,7.123727257,19.58333333,65.71007331,12.79803624,71.23727257,195.8333333
2360,6.571007331,1.279803624,7.123727257,19.66666667,65.71007331,12.79803624,71.23727257,196.6666667
2370,8.630553318,2.244805734,6.913686106,19.75,86.30553318,22.44805734,69.13686106,197.5
2380,8.630553318,2.244805734,6.913686106,19.83333333,86.30553318,22.44805734,69.13686106,198.3333333
2390,8.630553318,2.244805734,6.913686106,19.91666667,86.30553318,22.44805734,69.13686106,199.1666667
2400,7.943202774,1.179442116,6.416558776,20,79.43202774,11.79442116,64.16558776,200
2410,7.943202774,1.179442116,6.416558776,20.08333333,79.43202774,11.79442116,64.16558776,200.8333333
2420,7.943202774,1.179442116,6.416558776,20.16666667,79.43202774,11.79442116,64.16558776,201.6666667
2430,7.432436688,1.819506144,6.900648775,20.25,74.32436688,18.19506144,69.00648775,202.5
2440,7.432436688,1.819506144,6.900648775,20.33333333,74.32436688,18.19506144,69.00648775,203.3333333
2450,7.432436688,1.819506144,6.900648775,20.41666667,74.32436688,18.19506144,69.00648775,204.1666667
2460,9.72891184,1.949562009,6.484140168,20.5,97.2891184,19.49562009,64.84140168,205
2470,9.72891184,1.949562009,6.484140168,20.58333333,97.2891184,19.49562009,64.84140168,205.8333333
2480,9.72891184,1.949562009,6.484140168,20.66666667,97.2891184,19.49562009,64.84140168,206.6666667
2490,10.79009152,2.631896112,4.557644393,20.75,107.9009152,26.31896112,45.57644393,207.5
2500,10.79009152,2.631896112,4.557644393,20.83333333,107.9009152,26.31896112,45.57644393,208.3333333
2510,10.79009152,2.631896112,4.557644393,20.91666667,107.9009152,26.31896112,45.57644393,209.1666667
2520,12.11696023,1.453525661,6.699655317,21,121.1696023,14.53525661,66.99655317,210
2530,12.11696023,1.453525661,6.699655317,21.08333333,121.1696023,14.53525661,66.99655317,210.8333333
2540,12.11696023,1.453525661,6.699655317,21.16666667,121.1696023,14.53525661,66.99655317,211.6666667
2550,9.519317705,2.212559013,9.431970527,21.25,95.19317705,22.12559013,94.31970527,212.5
2560,9.519317705,2.212559013,9.431970527,21.33333333,95.19317705,22.12559013,94.31970527,213.3333333
2570,9.519317705,2.212559013,6.368860861,21.41666667,95.19317705,22.12559013,63.68860861,214.1666667
2580,11.8029815,3.261319507,6.368860861,21.5,118.029815,32.61319507,63.68860861,215
2590,11.8029815,3.261319507,6.368860861,21.58333333,118.029815,32.61319507,63.68860861,215.8333333
2600,11.8029815,3.261319507,3.239368497,21.66666667,118.029815,32.61319507,32.39368497,216.6666667
2610,15.07416541,3.414648847,3.239368497,21.75,150.7416541,34.14648847,32.39368497,217.5
2620,15.07416541,3.414648847,3.239368497,21.83333333,150.7416541,34.14648847,32.39368497,218.3333333
2630,15.07416541,3.414648847,4.557644393,21.91666667,150.7416541,34.14648847,45.57644393,219.1666667
2640,13.46087729,3.200111438,4.557644393,22,134.6087729,32.00111438,45.57644393,220
2650,13.46087729,3.200111438,4.557644393,22.08333333,134.6087729,32.00111438,45.57644393,220.8333333
2660,13.46087729,3.200111438,6.699655317,22.16666667,134.6087729,32.00111438,66.99655317,221.6666667
2670,8.03161605,2.10191071,6.699655317,22.25,80.3161605,21.0191071,66.99655317,222.5
2680,8.03161605,2.10191071,6.699655317,22.33333333,80.3161605,21.0191071,66.99655317,223.3333333
2690,8.03161605,2.10191071,9.431970527,22.41666667,80.3161605,21.0191071,94.31970527,224.1666667
2700,8.52235355,2.158297747,9.431970527,22.5,85.2235355,21.58297747,94.31970527,225
2710,8.52235355,2.158297747,4.456532668,22.58333333,85.2235355,21.58297747,44.56532668,225.8333333
2720,8.52235355,2.158297747,4.456532668,22.66666667,85.2235355,21.58297747,44.56532668,226.6666667
2730,13.40702449,0.8901178426,8.018386155,22.75,134.0702449,8.901178426,80.18386155,227.5
2740,13.40702449,0.8901178426,8.018386155,22.83333333,134.0702449,8.901178426,80.18386155,228.3333333
2750,13.40702449,0.8901178426,8.018386155,22.91666667,134.0702449,8.901178426,80.18386155,229.1666667
2760,21.59027348,3.748469771,7.070105114,23,215.9027348,37.48469771,70.70105114,230
2770,21.59027348,3.748469771,7.070105114,23.08333333,215.9027348,37.48469771,70.70105114,230.8333333
2780,21.59027348,3.748469771,7.070105114,23.16666667,215.9027348,37.48469771,70.70105114,231.6666667
2790,13.0845362,0.9253324779,6.866766177,23.25,130.845362,9.253324779,68.66766177,232.5
2800,13.0845362,0.9253324779,6.866766177,23.33333333,130.845362,9.253324779,68.66766177,233.3333333
2810,13.0845362,0.9253324779,6.866766177,23.41666667,130.845362,9.253324779,68.66766177,234.1666667
2820,11.8643127,1.528877815,7.795508737,23.5,118.643127,15.28877815,77.95508737,235
2830,11.8643127,1.528877815,7.795508737,23.58333333,118.643127,15.28877815,77.95508737,235.8333333
2840,11.8643127,1.528877815,7.795508737,23.66666667,118.643127,15.28877815,77.95508737,236.6666667
2850,21.1467648,2.885444454,9.99071232,23.75,211.467648,28.85444454,99.9071232,237.5
2860,21.1467648,2.885444454,9.99071232,23.83333333,211.467648,28.85444454,99.9071232,238.3333333
2870,21.1467648,2.885444454,9.99071232,23.91666667,211.467648,28.85444454,99.9071232,239.1666667
2880,8.965161802,2.216168588,6.682425491,24,89.65161802,22.16168588,66.82425491,240
2890,8.965161802,2.216168588,6.682425491,24.08333333,89.65161802,22.16168588,66.82425491,240.8333333
2900,8.965161802,2.216168588,6.682425491,24.16666667,89.65161802,22.16168588,66.82425491,241.6666667
2910,18.63244522,2.620623051,7.31645826,24.25,186.3244522,26.20623051,73.1645826,242.5
2920,18.63244522,2.620623051,7.31645826,24.33333333,186.3244522,26.20623051,73.1645826,243.3333333
2930,18.63244522,2.620623051,7.31645826,24.41666667,186.3244522,26.20623051,73.1645826,244.1666667
2940,8.72099042,2.643475691,6.368860861,24.5,87.2099042,26.43475691,63.68860861,245
2950,8.72099042,2.643475691,6.368860861,24.58333333,87.2099042,26.43475691,63.68860861,245.8333333
2960,8.72099042,2.643475691,6.368860861,24.66666667,87.2099042,26.43475691,63.68860861,246.6666667
2970,8.597386467,2.096314082,3.239368497,24.75,85.97386467,20.96314082,32.39368497,247.5
2980,8.597386467,2.096314082,3.239368497,24.83333333,85.97386467,20.96314082,32.39368497,248.3333333
2990,8.597386467,2.096314082,3.239368497,24.91666667,85.97386467,20.96314082,32.39368497,249.1666667
3000,11.80851362,2.237354992,4.557644393,25,118.0851362,22.37354992,45.57644393,250
3010,16.80851362,2.237354992,4.557644393,25.08333333,168.0851362,22.37354992,45.57644393,250.8333333
3020,16.80851362,2.237354992,4.557644393,25.16666667,168.0851362,22.37354992,45.57644393,251.6666667
3030,10.68956882,1.429492866,6.699655317,25.25,106.8956882,14.29492866,66.99655317,252.5
3040,10.68956882,1.429492866,6.699655317,25.33333333,106.8956882,14.29492866,66.99655317,253.3333333
3050,10.68956882,1.429492866,6.699655317,25.41666667,106.8956882,14.29492866,66.99655317,254.1666667
3060,18.63774366,2.488182791,9.431970527,25.5,186.3774366,24.88182791,94.31970527,255
3070,18.63774366,2.488182791,9.431970527,25.58333333,186.3774366,24.88182791,94.31970527,255.8333333
3080,18.63774366,2.488182791,6.938717861,25.66666667,186.3774366,24.88182791,69.38717861,256.6666667
3090,16.50324401,3.407982627,4.503099848,25.75,165.0324401,34.07982627,45.03099848,257.5
3100,16.50324401,3.407982627,4.503099848,25.83333333,165.0324401,34.07982627,45.03099848,258.3333333
3110,16.50324401,3.407982627,4.503099848,25.91666667,165.0324401,34.07982627,45.03099848,259.1666667
3120,17.42359508,3.690749227,7.95735496,26,174.2359508,36.90749227,79.5735496,260
3130,17.42359508,3.690749227,7.95735496,26.08333333,174.2359508,36.90749227,79.5735496,260.8333333
3140,17.42359508,3.690749227,7.95735496,26.16666667,174.2359508,36.90749227,79.5735496,261.6666667
3150,13.91998423,3.052984296,5.628974899,26.25,139.1998423,30.52984296,56.28974899,262.5
3160,13.91998423,3.052984296,5.628974899,26.33333333,139.1998423,30.52984296,56.28974899,263.3333333
3170,13.91998423,3.052984296,5.628974899,26.41666667,139.1998423,30.52984296,56.28974899,264.1666667
3180,18.18994305,3.589400828,8.182277227,26.5,181.8994305,35.89400828,81.82277227,265
3190,18.18994305,3.589400828,8.182277227,26.58333333,181.8994305,35.89400828,81.82277227,265.8333333
3200,18.18994305,3.589400828,8.182277227,26.66666667,181.8994305,35.89400828,81.82277227,266.6666667
3210,21.16782569,3.203005275,8.053042346,26.75,211.6782569,32.03005275,80.53042346,267.5
3220,21.16782569,3.203005275,8.053042346,26.83333333,211.6782569,32.03005275,80.53042346,268.3333333
3230,21.16782569,3.203005275,8.053042346,26.91666667,211.6782569,32.03005275,80.53042346,269.1666667
3240,16.59040074,2.65029721,6.393866446,27,165.9040074,26.5029721,63.93866446,270
3250,16.59040074,2.65029721,6.393866446,27.08333333,165.9040074,26.5029721,63.93866446,270.8333333
3260,16.59040074,2.65029721,6.393866446,27.16666667,165.9040074,26.5029721,63.93866446,271.6666667
3270,14.32673092,2.554923103,5.472175038,27.25,143.2673092,25.54923103,54.72175038,272.5
3280,14.32673092,2.554923103,5.472175038,27.33333333,143.2673092,25.54923103,54.72175038,273.3333333
3290,14.32673092,2.554923103,5.472175038,27.41666667,143.2673092,25.54923103,54.72175038,274.1666667
3300,16.66519964,3.734943331,7.463893578,27.5,166.6519964,37.34943331,74.63893578,275
3310,16.66519964,3.734943331,7.463893578,27.58333333,166.6519964,37.34943331,74.63893578,275.8333333
3320,16.66519964,3.734943331,7.463893578,27.66666667,166.6519964,37.34943331,74.63893578,276.6666667
3330,14.75796808,2.078683008,4.483622877,27.75,147.5796808,20.78683008,44.83622877,277.5
3340,14.75796808,2.078683008,4.483622877,27.83333333,147.5796808,20.78683008,44.83622877,278.3333333
3350,14.75796808,2.078683008,4.483622877,27.91666667,147.5796808,20.78683008,44.83622877,279.1666667
3360,12.86451295,1.007809728,5.449149003,28,128.6451295,10.07809728,54.49149003,280
3370,12.86451295,1.007809728,5.449149003,28.08333333,128.6451295,10.07809728,54.49149003,280.8333333
3380,12.86451295,1.007809728,5.449149003,28.16666667,128.6451295,10.07809728,54.49149003,281.6666667
3390,15.46826028,3.917175268,5.209771565,28.25,154.6826028,39.17175268,52.09771565,282.5
3400,15.46826028,3.917175268,5.209771565,28.33333333,154.6826028,39.17175268,52.09771565,283.3333333
3410,15.46826028,3.917175268,5.209771565,28.41666667,154.6826028,39.17175268,52.09771565,284.1666667
3420,15.6691356,3.929173583,6.799584671,28.5,156.691356,39.29173583,67.99584671,285
3430,15.6691356,3.929173583,6.799584671,28.58333333,156.691356,39.29173583,67.99584671,285.8333333
3440,15.6691356,3.929173583,6.799584671,28.66666667,156.691356,39.29173583,67.99584671,286.6666667
3450,15.58675337,2.358530991,4.872167935,28.75,155.8675337,23.58530991,48.72167935,287.5
3460,15.58675337,2.358530991,4.872167935,28.83333333,155.8675337,23.58530991,48.72167935,288.3333333
3470,15.58675337,2.358530991,4.872167935,28.91666667,155.8675337,23.58530991,48.72167935,289.1666667
3480,13.96754403,1.070349553,4.766577937,29,139.6754403,10.70349553,47.66577937,290
3490,13.96754403,1.070349553,4.766577937,29.08333333,139.6754403,10.70349553,47.66577937,290.8333333
3500,13.96754403,1.070349553,4.766577937,29.16666667,139.6754403,10.70349553,47.66577937,291.6666667
3510,7.985821277,0.6612547332,2.197207747,29.25,79.85821277,6.612547332,21.97207747,292.5
3520,7.985821277,0.6612547332,2.197207747,29.33333333,79.85821277,6.612547332,21.97207747,293.3333333
3530,7.985821277,0.6612547332,2.197207747,29.41666667,79.85821277,6.612547332,21.97207747,294.1666667
3540,12.4433958,2.553307491,5.164086835,29.5,124.433958,25.53307491,51.64086835,295
3550,12.4433958,2.553307491,5.164086835,29.58333333,124.433958,25.53307491,51.64086835,295.8333333
3560,12.4433958,2.553307491,5.164086835,29.66666667,124.433958,25.53307491,51.64086835,296.6666667
3570,17.2896957,1.787646874,7.263878138,29.75,172.896957,17.87646874,72.63878138,297.5
3580,17.2896957,1.787646874,7.263878138,29.83333333,172.896957,17.87646874,72.63878138,298.3333333
3590,17.2896957,1.787646874,7.263878138,29.91666667,172.896957,17.87646874,72.63878138,299.1666667
3600,11.68100163,1.725438793,5.279515781,30,116.8100163,17.25438793,52.79515781,300
3610,11.68100163,3.225438793,5.279515781,30.08333333,116.8100163,32.25438793,52.79515781,300.8333333
3620,11.68100163,3.225438793,5.279515781,30.16666667,116.8100163,32.25438793,52.79515781,301.6666667
3630,13.56616062,3.76453583,4.127179449,30.25,135.6616062,37.6453583,41.27179449,302.5
3640,13.56616062,3.76453583,4.127179449,30.33333333,135.6616062,37.6453583,41.27179449,303.3333333
3650,13.56616062,3.76453583,4.127179449,30.41666667,135.6616062,37.6453583,41.27179449,304.1666667
3660,13.83707182,4.413706414,8.400904492,30.5,138.3707182,44.13706414,84.00904492,305
3670,13.83707182,4.413706414,8.400904492,30.58333333,138.3707182,44.13706414,84.00904492,305.8333333
3680,13.83707182,4.413706414,8.400904492,30.66666667,138.3707182,44.13706414,84.00904492,306.6666667
3690,14.17918907,3.97827939,6.335414002,30.75,141.7918907,39.7827939,63.35414002,307.5
3700,14.17918907,3.97827939,6.335414002,30.83333333,141.7918907,39.7827939,63.35414002,308.3333333
3710,14.17918907,3.97827939,6.335414002,30.91666667,141.7918907,39.7827939,63.35414002,309.1666667
3720,12.86521323,4.617225079,6.274820798,31,128.6521323,46.17225079,62.74820798,310
3730,12.86521323,4.617225079,6.274820798,31.08333333,128.6521323,46.17225079,62.74820798,310.8333333
3740,12.86521323,4.617225079,6.274820798,31.16666667,128.6521323,46.17225079,62.74820798,311.6666667
3750,10.90721135,3.146955176,4.009112122,31.25,109.0721135,31.46955176,40.09112122,312.5
3760,10.90721135,3.146955176,4.009112122,31.33333333,109.0721135,31.46955176,40.09112122,313.3333333
3770,10.90721135,3.146955176,4.009112122,31.41666667,109.0721135,31.46955176,40.09112122,314.1666667
3780,10.2181816,2.498697211,3.307878469,31.5,102.181816,24.98697211,33.07878469,315
3790,10.2181816,2.498697211,3.307878469,31.58333333,102.181816,24.98697211,33.07878469,315.8333333
3800,10.2181816,2.498697211,3.307878469,31.66666667,102.181816,24.98697211,33.07878469,316.6666667
3810,13.52918657,3.596827878,5.401882579,31.75,135.2918657,35.96827878,54.01882579,317.5
3820,13.52918657,3.596827878,5.401882579,31.83333333,135.2918657,35.96827878,54.01882579,318.3333333
3830,13.52918657,3.596827878,5.401882579,31.91666667,135.2918657,35.96827878,54.01882579,319.1666667
3840,15.77963116,3.77349149,7.190483937,32,157.7963116,37.7349149,71.90483937,320
3850,15.77963116,3.77349149,7.190483937,32.08333333,157.7963116,37.7349149,71.90483937,320.8333333
3860,15.77963116,3.77349149,7.190483937,32.16666667,157.7963116,37.7349149,71.90483937,321.6666667
3870,15.14178495,2.134480372,11.92535325,32.25,151.4178495,21.34480372,119.2535325,322.5
3880,15.14178495,2.134480372,11.92535325,32.33333333,151.4178495,21.34480372,119.2535325,323.3333333
3890,15.14178495,2.134480372,11.92535325,32.41666667,151.4178495,21.34480372,119.2535325,324.1666667
3900,14.1607606,3.967126705,6.373922479,32.5,141.607606,39.67126705,63.73922479,325
3910,14.1607606,3.967126705,6.373922479,32.58333333,141.607606,39.67126705,63.73922479,325.8333333
3920,14.1607606,3.967126705,6.373922479,32.66666667,141.607606,39.67126705,63.73922479,326.6666667
3930,12.62370905,2.94113992,5.128951078,32.75,126.2370905,29.4113992,51.28951078,327.5
3940,12.62370905,2.94113992,5.128951078,32.83333333,126.2370905,29.4113992,51.28951078,328.3333333
3950,12.62370905,2.94113992,5.128951078,32.91666667,126.2370905,29.4113992,51.28951078,329.1666667
3960,11.59168361,2.480304528,2.989410389,33,115.9168361,24.80304528,29.89410389,330
3970,11.59168361,2.480304528,2.989410389,33.08333333,115.9168361,24.80304528,29.89410389,330.8333333
3980,11.59168361,2.480304528,2.989410389,33.16666667,115.9168361,24.80304528,29.89410389,331.6666667
3990,11.10809775,1.880846229,4.764915799,33.25,111.0809775,18.80846229,47.64915799,332.5
4000,11.10809775,1.880846229,4.764915799,33.33333333,111.0809775,18.80846229,47.64915799,333.3333333
4010,11.10809775,1.880846229,4.764915799,33.41666667,111.0809775,18.80846229,47.64915799,334.1666667
4020,14.0825492,3.399024121,5.901161477,33.5,140.825492,33.99024121,59.01161477,335
4030,14.0825492,3.399024121,5.901161477,33.58333333,140.825492,33.99024121,59.01161477,335.8333333
4040,14.0825492,3.399024121,5.901161477,33.66666667,140.825492,33.99024121,59.01161477,336.6666667
4050,13.16691417,2.430580405,3.527785007,33.75,131.6691417,24.30580405,35.27785007,337.5
4060,13.16691417,2.430580405,3.527785007,33.83333333,131.6691417,24.30580405,35.27785007,338.3333333
4070,13.16691417,2.430580405,3.527785007,33.91666667,131.6691417,24.30580405,35.27785007,339.1666667
4080,16.35133415,3.859498506,4.11039862,34,163.5133415,38.59498506,41.1039862,340
4090,16.35133415,3.859498506,4.11039862,34.08333333,163.5133415,38.59498506,41.1039862,340.8333333
4100,16.35133415,3.859498506,4.11039862,34.16666667,163.5133415,38.59498506,41.1039862,341.6666667
4110,17.84657175,4.168068975,3.133314575,34.25,178.4657175,41.68068975,31.33314575,342.5
4120,17.84657175,4.168068975,3.133314575,34.33333333,178.4657175,41.68068975,31.33314575,343.3333333
4130,17.84657175,4.168068975,3.133314575,34.41666667,178.4657175,41.68068975,31.33314575,344.1666667
4140,16.89428693,4.132172893,8.414173762,34.5,168.9428693,41.32172893,84.14173762,345
4150,16.89428693,4.132172893,8.414173762,34.58333333,168.9428693,41.32172893,84.14173762,345.8333333
4160,16.89428693,4.132172893,8.414173762,34.66666667,168.9428693,41.32172893,84.14173762,346.6666667
4170,13.50045023,3.930962025,8.728547796,34.75,135.0045023,39.30962025,87.28547796,347.5
4180,13.50045023,3.930962025,8.728547796,34.83333333,135.0045023,39.30962025,87.28547796,348.3333333
4190,13.50045023,3.930962025,8.728547796,34.91666667,135.0045023,39.30962025,87.28547796,349.1666667
4200,15.64711036,3.508339318,8.197017681,35,156.4711036,35.08339318,81.97017681,350
4210,15.64711036,3.508339318,8.197017681,35.08333333,156.4711036,35.08339318,81.97017681,350.8333333
4220,15.64711036,3.508339318,8.197017681,35.16666667,156.4711036,35.08339318,81.97017681,351.6666667
4230,13.95862556,3.240304845,5.696063697,35.25,139.5862556,32.40304845,56.96063697,352.5
4240,13.95862556,3.240304845,5.696063697,35.33333333,139.5862556,32.40304845,56.96063697,353.3333333
4250,13.95862556,3.240304845,5.696063697,35.41666667,139.5862556,32.40304845,56.96063697,354.1666667
4260,16.95933872,2.952392137,5.982307462,35.5,169.5933872,29.52392137,59.82307462,355
4270,16.95933872,2.952392137,5.982307462,35.58333333,169.5933872,29.52392137,59.82307462,355.8333333
4280,16.95933872,2.952392137,5.982307462,35.66666667,169.5933872,29.52392137,59.82307462,356.6666667
4290,17.94976925,3.386187839,5.786561988,35.75,179.4976925,33.86187839,57.86561988,357.5
4300,17.94976925,3.386187839,5.786561988,35.83333333,179.4976925,33.86187839,57.86561988,358.3333333
4310,17.94976925,3.386187839,5.786561988,35.91666667,179.4976925,33.86187839,57.86561988,359.1666667
4320,13.62554811,4.078894006,6.007349144,36,136.2554811,40.78894006,60.07349144,360
4330,13.62554811,4.078894006,6.007349144,36.08333333,136.2554811,40.78894006,60.07349144,360.8333333
4340,13.62554811,4.078894006,6.007349144,36.16666667,136.2554811,40.78894006,60.07349144,361.6666667
4350,22.32577479,3.750388916,5.441670397,36.25,223.2577479,37.50388916,54.41670397,362.5
4360,22.32577479,3.750388916,5.441670397,36.33333333,223.2577479,37.50388916,54.41670397,363.3333333
4370,22.32577479,3.750388916,5.441670397,36.41666667,223.2577479,37.50388916,54.41670397,364.1666667
4380,17.24513383,5.54592274,7.602993764,36.5,172.4513383,55.4592274,76.02993764,365
4390,17.24513383,5.54592274,7.602993764,36.58333333,172.4513383,55.4592274,76.02993764,365.8333333
4400,17.24513383,5.54592274,7.602993764,36.66666667,172.4513383,55.4592274,76.02993764,366.6666667
4410,16.96544677,4.384192219,6.637006677,36.75,169.6544677,43.84192219,66.37006677,367.5
4420,16.96544677,4.384192219,6.637006677,36.83333333,169.6544677,43.84192219,66.37006677,368.3333333
4430,16.96544677,4.384192219,6.637006677,36.91666667,169.6544677,43.84192219,66.37006677,369.1666667
4440,16.07583563,2.384727801,6.340174655,37,160.7583563,23.84727801,63.40174655,370
4450,16.07583563,2.384727801,6.340174655,37.08333333,160.7583563,23.84727801,63.40174655,370.8333333
4460,16.07583563,2.384727801,6.340174655,37.16666667,160.7583563,23.84727801,63.40174655,371.6666667
4470,18.18121556,5.048171177,4.612853432,37.25,181.8121556,50.48171177,46.12853432,372.5
4480,18.18121556,5.048171177,4.612853432,37.33333333,181.8121556,50.48171177,46.12853432,373.3333333
4490,18.18121556,5.048171177,4.612853432,37.41666667,181.8121556,50.48171177,46.12853432,374.1666667
4500,19.96421014,3.816569098,6.629952488,37.5,199.6421014,38.16569098,66.29952488,375
4510,19.96421014,3.816569098,6.629952488,37.58333333,199.6421014,38.16569098,66.29952488,375.8333333
4520,19.96421014,3.816569098,6.629952488,37.66666667,199.6421014,38.16569098,66.29952488,376.6666667
4530,16.34488835,3.549501518,5.753461609,37.75,163.4488835,35.49501518,57.53461609,377.5
4540,16.34488835,3.549501518,5.753461609,37.83333333,163.4488835,35.49501518,57.53461609,378.3333333
4550,16.34488835,3.549501518,5.753461609,37.91666667,163.4488835,35.49501518,57.53461609,379.1666667
4560,13.78518756,3.681714746,6.267914546,38,137.8518756,36.81714746,62.67914546,380
4570,13.78518756,3.681714746,6.267914546,38.08333333,137.8518756,36.81714746,62.67914546,380.8333333
4580,13.78518756,3.681714746,6.267914546,38.16666667,137.8518756,36.81714746,62.67914546,381.6666667
4590,11.81737212,3.599754046,3.601761591,38.25,118.1737212,35.99754046,36.01761591,382.5
4600,11.81737212,3.599754046,3.601761591,38.33333333,118.1737212,35.99754046,36.01761591,383.3333333
4610,11.81737212,3.599754046,3.601761591,38.41666667,118.1737212,35.99754046,36.01761591,384.1666667
4620,13.20522627,2.513181828,3.535056852,38.5,132.0522627,25.13181828,35.35056852,385
4630,13.20522627,2.513181828,3.535056852,38.58333333,132.0522627,25.13181828,35.35056852,385.8333333
4640,13.20522627,2.513181828,3.535056852,38.66666667,132.0522627,25.13181828,35.35056852,386.6666667
4650,19.57110019,4.635689984,7.028523503,38.75,195.7110019,46.35689984,70.28523503,387.5
4660,19.57110019,4.635689984,7.028523503,38.83333333,195.7110019,46.35689984,70.28523503,388.3333333
4670,19.57110019,4.635689984,7.028523503,38.91666667,195.7110019,46.35689984,70.28523503,389.1666667
4680,17.50917224,4.536728262,6.706464062,39,175.0917224,45.36728262,67.06464062,390
4690,17.50917224,4.536728262,6.706464062,39.08333333,175.0917224,45.36728262,67.06464062,390.8333333
4700,17.50917224,4.536728262,6.706464062,39.16666667,175.0917224,45.36728262,67.06464062,391.6666667
4710,13.60775168,2.151492667,5.760211789,39.25,136.0775168,21.51492667,57.60211789,392.5
4720,13.60775168,2.151492667,5.760211789,39.33333333,136.0775168,21.51492667,57.60211789,393.3333333
4730,13.60775168,2.151492667,5.760211789,39.41666667,136.0775168,21.51492667,57.60211789,394.1666667
4740,24.43384173,4.227160825,8.767861479,39.5,244.3384173,42.27160825,87.67861479,395
4750,24.43384173,4.227160825,8.767861479,39.58333333,244.3384173,42.27160825,87.67861479,395.8333333
4760,24.43384173,4.227160825,8.767861479,39.66666667,244.3384173,42.27160825,87.67861479,396.6666667
4770,25.33821972,4.429440772,7.753298111,39.75,253.3821972,44.29440772,77.53298111,397.5
4780,25.33821972,4.429440772,7.753298111,39.83333333,253.3821972,44.29440772,77.53298111,398.3333333
4790,25.33821972,4.429440772,7.753298111,39.91666667,253.3821972,44.29440772,77.53298111,399.1666667
4800,20.03069123,7.132975275,6.591628687,40,200.3069123,71.32975275,65.91628687,400
4810,20.03069123,7.132975275,6.591628687,40.08333333,200.3069123,71.32975275,65.91628687,400.8333333
4820,20.03069123,7.132975275,6.591628687,40.16666667,200.3069123,71.32975275,65.91628687,401.6666667
4830,19.72171711,2.798986149,9.340596666,40.25,197.2171711,27.98986149,93.40596666,402.5
4840,19.72171711,2.798986149,9.340596666,40.33333333,197.2171711,27.98986149,93.40596666,403.3333333
4850,19.72171711,2.798986149,9.340596666,40.41666667,197.2171711,27.98986149,93.40596666,404.1666667
4860,17.3960657,3.191928872,9.048351971,40.5,173.960657,31.91928872,90.48351971,405
4870,17.3960657,3.191928872,9.048351971,40.58333333,173.960657,31.91928872,90.48351971,405.8333333
4880,17.3960657,3.191928872,9.048351971,40.66666667,173.960657,31.91928872,90.48351971,406.6666667
4890,15.28415543,3.342567677,7.836251528,40.75,152.8415543,33.42567677,78.36251528,407.5
4900,15.28415543,3.342567677,7.836251528,40.83333333,152.8415543,33.42567677,78.36251528,408.3333333
4910,15.28415543,3.342567677,7.836251528,40.91666667,152.8415543,33.42567677,78.36251528,409.1666667
4920,10.82426189,6.457263642,6.830251285,41,108.2426189,64.57263642,68.30251285,410
4930,10.82426189,6.457263642,6.830251285,41.08333333,108.2426189,64.57263642,68.30251285,410.8333333
4940,10.82426189,6.457263642,6.830251285,41.16666667,108.2426189,64.57263642,68.30251285,411.6666667
4950,10.95009323,4.952878003,6.309134678,41.25,109.5009323,49.52878003,63.09134678,412.5
4960,10.95009323,4.952878003,6.309134678,41.33333333,109.5009323,49.52878003,63.09134678,413.3333333
4970,10.95009323,4.952878003,6.309134678,41.41666667,109.5009323,49.52878003,63.09134678,414.1666667
4980,7.947443004,1.744213003,7.5545171,41.5,79.47443004,17.44213003,75.545171,415
4990,7.947443004,1.744213003,7.5545171,41.58333333,79.47443004,17.44213003,75.545171,415.8333333
5000,7.947443004,1.744213003,7.5545171,41.66666667,79.47443004,17.44213003,75.545171,416.6666667
5010,9.031214757,1.85149278,6.345801139,41.75,90.31214757,18.5149278,63.45801139,417.5
5020,9.031214757,1.85149278,6.345801139,41.83333333,90.31214757,18.5149278,63.45801139,418.3333333
5030,9.031214757,1.85149278,6.345801139,41.91666667,90.31214757,18.5149278,63.45801139,419.1666667
5040,10.98545682,1.97084858,6.66390008,42,109.8545682,19.7084858,66.6390008,420
5050,10.98545682,1.97084858,6.66390008,42.08333333,109.8545682,19.7084858,66.6390008,420.8333333
5060,10.98545682,1.97084858,6.66390008,42.16666667,109.8545682,19.7084858,66.6390008,421.6666667
5070,10.81121529,2.295893885,5.00979726,42.25,108.1121529,22.95893885,50.0979726,422.5
5080,10.81121529,2.295893885,5.00979726,42.33333333,108.1121529,22.95893885,50.0979726,423.3333333
5090,10.81121529,2.295893885,5.00979726,42.41666667,108.1121529,22.95893885,50.0979726,424.1666667
5100,9.381011755,1.490662163,6.873261902,42.5,93.81011755,14.90662163,68.73261902,425
5110,9.381011755,1.490662163,6.873261902,42.58333333,93.81011755,14.90662163,68.73261902,425.8333333
5120,9.381011755,1.490662163,6.873261902,42.66666667,93.81011755,14.90662163,68.73261902,426.6666667
5130,9.993499329,1.718344258,4.44805707,42.75,99.93499329,17.18344258,44.4805707,427.5
5140,9.993499329,1.718344258,4.44805707,42.83333333,99.93499329,17.18344258,44.4805707,428.3333333
5150,9.993499329,1.718344258,4.44805707,42.91666667,99.93499329,17.18344258,44.4805707,429.1666667
5160,13.75846941,1.407803512,9.132813732,43,137.5846941,14.07803512,91.32813732,430
5170,13.75846941,1.407803512,9.132813732,43.08333333,137.5846941,14.07803512,91.32813732,430.8333333
5180,13.75846941,1.407803512,9.132813732,43.16666667,137.5846941,14.07803512,91.32813732,431.6666667
5190,10.94801815,2.086418724,4.665337627,43.25,109.4801815,20.86418724,46.65337627,432.5
5200,10.94801815,2.086418724,4.665337627,43.33333333,109.4801815,20.86418724,46.65337627,433.3333333
5210,10.94801815,2.086418724,4.665337627,43.41666667,109.4801815,20.86418724,46.65337627,434.1666667
5220,6.10434158,1.586013281,6.214673766,43.5,61.0434158,15.86013281,62.14673766,435
5230,6.10434158,1.586013281,6.214673766,43.58333333,61.0434158,15.86013281,62.14673766,435.8333333
5240,6.10434158,1.586013281,6.214673766,43.66666667,61.0434158,15.86013281,62.14673766,436.6666667
5250,8.684419439,1.568905904,3.808395462,43.75,86.84419439,15.68905904,38.08395462,437.5
5260,8.684419439,1.568905904,3.808395462,43.83333333,86.84419439,15.68905904,38.08395462,438.3333333
5270,8.684419439,1.568905904,3.808395462,43.91666667,86.84419439,15.68905904,38.08395462,439.1666667
5280,12.02667215,1.592776484,5.185394287,44,120.2667215,15.92776484,51.85394287,440
5290,12.02667215,1.592776484,5.185394287,44.08333333,120.2667215,15.92776484,51.85394287,440.8333333
5300,12.02667215,1.592776484,5.185394287,44.16666667,120.2667215,15.92776484,51.85394287,441.6666667
5310,12.27661921,2.171034834,9.602960111,44.25,122.7661921,21.71034834,96.02960111,442.5
5320,12.27661921,2.171034834,9.602960111,44.33333333,122.7661921,21.71034834,96.02960111,443.3333333
5330,12.27661921,2.171034834,9.602960111,44.41666667,122.7661921,21.71034834,96.02960111,444.1666667
5340,12.33655253,1.703535956,7.550594375,44.5,123.3655253,17.03535956,75.50594375,445
5350,12.33655253,1.703535956,7.550594375,44.58333333,123.3655253,17.03535956,75.50594375,445.8333333
5360,12.33655253,1.703535956,7.550594375,44.66666667,123.3655253,17.03535956,75.50594375,446.6666667
5370,13.70485579,1.684895832,6.984634816,44.75,137.0485579,16.84895832,69.84634816,447.5
5380,13.70485579,1.684895832,6.984634816,44.83333333,137.0485579,16.84895832,69.84634816,448.3333333
5390,13.70485579,1.684895832,6.984634816,44.91666667,137.0485579,16.84895832,69.84634816,449.1666667
5400,15.77244079,1.874786106,11.58114483,45,157.7244079,18.74786106,115.8114483,450
5410,15.77244079,1.874786106,11.58114483,45.08333333,157.7244079,18.74786106,115.8114483,450.8333333
5420,15.77244079,1.874786106,11.58114483,45.16666667,157.7244079,18.74786106,115.8114483,451.6666667
5430,14.44333587,2.211609236,8.916445859,45.25,144.4333587,22.11609236,89.16445859,452.5
5440,14.44333587,2.211609236,8.916445859,45.33333333,144.4333587,22.11609236,89.16445859,453.3333333
5450,14.44333587,2.211609236,8.916445859,45.41666667,144.4333587,22.11609236,89.16445859,454.1666667
5460,11.52483114,1.81089034,4.75891783,45.5,115.2483114,18.1089034,47.5891783,455
5470,11.52483114,1.81089034,4.75891783,45.58333333,115.2483114,18.1089034,47.5891783,455.8333333
5480,11.52483114,1.81089034,4.75891783,45.66666667,115.2483114,18.1089034,47.5891783,456.6666667
5490,13.14389672,1.415429368,8.473548346,45.75,131.4389672,14.15429368,84.73548346,457.5
5500,13.14389672,1.415429368,8.473548346,45.83333333,131.4389672,14.15429368,84.73548346,458.3333333
5510,13.14389672,1.415429368,8.473548346,45.91666667,131.4389672,14.15429368,84.73548346,459.1666667
5520,9.710060573,1.41879312,6.663507194,46,97.10060573,14.1879312,66.63507194,460
5530,9.710060573,1.41879312,6.663507194,46.08333333,97.10060573,14.1879312,66.63507194,460.8333333
5540,9.710060573,1.41879312,6.663507194,46.16666667,97.10060573,14.1879312,66.63507194,461.6666667
5550,14.27208515,0.6246714078,6.720499021,46.25,142.7208515,6.246714078,67.20499021,462.5
5560,14.27208515,0.6246714078,6.720499021,46.33333333,142.7208515,6.246714078,67.20499021,463.3333333
5570,14.27208515,0.6246714078,6.720499021,46.41666667,142.7208515,6.246714078,67.20499021,464.1666667
5580,8.790993695,0.8027108533,7.22409845,46.5,87.90993695,8.027108533,72.2409845,465
5590,8.790993695,0.8027108533,7.22409845,46.58333333,87.90993695,8.027108533,72.2409845,465.8333333
5600,8.790993695,0.8027108533,7.22409845,46.66666667,87.90993695,8.027108533,72.2409845,466.6666667
5610,5.515908439,1.16892293,2.962986743,46.75,55.15908439,11.6892293,29.62986743,467.5
5620,5.515908439,1.16892293,2.962986743,46.83333333,55.15908439,11.6892293,29.62986743,468.3333333
5630,5.515908439,1.16892293,2.962986743,46.91666667,55.15908439,11.6892293,29.62986743,469.1666667
5640,8.233550469,1.552395547,4.843189701,47,82.33550469,15.52395547,48.43189701,470
5650,8.233550469,1.552395547,4.843189701,47.08333333,82.33550469,15.52395547,48.43189701,470.8333333
5660,8.233550469,1.552395547,4.843189701,47.16666667,82.33550469,15.52395547,48.43189701,471.6666667
5670,5.422093672,0.4361175349,3.714536861,47.25,54.22093672,4.361175349,37.14536861,472.5
5680,5.422093672,0.4361175349,3.714536861,47.33333333,54.22093672,4.361175349,37.14536861,473.3333333
5690,5.422093672,0.4361175349,3.714536861,47.41666667,54.22093672,4.361175349,37.14536861,474.1666667
5700,11.30490265,1.489910792,5.796626118,47.5,113.0490265,14.89910792,57.96626118,475
5710,11.30490265,1.489910792,5.796626118,47.58333333,113.0490265,14.89910792,57.96626118,475.8333333
5720,11.30490265,1.489910792,5.796626118,47.66666667,113.0490265,14.89910792,57.96626118,476.6666667
5730,11.48704266,1.059799053,8.52448147,47.75,114.8704266,10.59799053,85.2448147,477.5
5740,11.48704266,1.059799053,8.52448147,47.83333333,114.8704266,10.59799053,85.2448147,478.3333333
5750,11.48704266,1.059799053,8.52448147,47.91666667,114.8704266,10.59799053,85.2448147,479.1666667
5760,13.87791375,0.9182091957,9.078803814,48,138.7791375,9.182091957,90.78803814,480
5770,13.87791375,0.9182091957,9.078803814,48.08333333,138.7791375,9.182091957,90.78803814,480.8333333
5780,13.87791375,0.9182091957,9.078803814,48.16666667,138.7791375,9.182091957,90.78803814,481.6666667
5790,10.84489078,1.564864112,8.771629931,48.25,108.4489078,15.64864112,87.71629931,482.5
5800,10.84489078,1.564864112,8.771629931,48.33333333,108.4489078,15.64864112,87.71629931,483.3333333
5810,10.84489078,1.564864112,8.771629931,48.41666667,108.4489078,15.64864112,87.71629931,484.1666667
5820,6.100099018,1.219533402,7.565694838,48.5,61.00099018,12.19533402,75.65694838,485
5830,6.100099018,1.219533402,7.565694838,48.58333333,61.00099018,12.19533402,75.65694838,485.8333333
5840,6.100099018,1.219533402,7.565694838,48.66666667,61.00099018,12.19533402,75.65694838,486.6666667
5850,10.72614827,0.3394082233,8.278705518,48.75,107.2614827,3.394082233,82.78705518,487.5
5860,10.72614827,0.3394082233,8.278705518,48.83333333,107.2614827,3.394082233,82.78705518,488.3333333
5870,10.72614827,0.3394082233,8.278705518,48.91666667,107.2614827,3.394082233,82.78705518,489.1666667
5880,9.323595036,1.32846581,6.693069216,49,93.23595036,13.2846581,66.93069216,490
5890,9.323595036,1.32846581,6.693069216,49.08333333,93.23595036,13.2846581,66.93069216,490.8333333
5900,9.323595036,1.32846581,6.693069216,49.16666667,93.23595036,13.2846581,66.93069216,491.6666667
5910,12.73005206,1.40795232,8.567044577,49.25,127.3005206,14.0795232,85.67044577,492.5
5920,12.73005206,1.40795232,8.567044577,49.33333333,127.3005206,14.0795232,85.67044577,493.3333333
5930,12.73005206,1.40795232,8.567044577,49.41666667,127.3005206,14.0795232,85.67044577,494.1666667
5940,9.751973002,1.512054351,10.76022191,49.5,97.51973002,15.12054351,107.6022191,495
5950,9.751973002,1.512054351,10.76022191,49.58333333,97.51973002,15.12054351,107.6022191,495.8333333
5960,9.751973002,1.512054351,10.76022191,49.66666667,97.51973002,15.12054351,107.6022191,496.6666667
5970,10.0312752,0.8902707547,6.742236845,49.75,100.312752,8.902707547,67.42236845,497.5
5980,10.0312752,0.8902707547,6.742236845,49.83333333,100.312752,8.902707547,67.42236845,498.3333333
5990,10.0312752,0.8902707547,6.742236845,49.91666667,100.312752,8.902707547,67.42236845,499.1666667
6000,8.125859455,0.892129506,5.425079872,50,81.25859455,8.92129506,54.25079872,500
6010,8.125859455,2.392129506,5.425079872,50.08333333,81.25859455,23.92129506,54.25079872,500.8333333
6020,8.125859455,2.392129506,5.425079872,50.16666667,81.25859455,23.92129506,54.25079872,501.6666667
6030,6.7321989,2.819492868,4.713530016,50.25,67.321989,28.19492868,47.13530016,502.5
6040,6.7321989,2.819492868,4.713530016,50.33333333,67.321989,28.19492868,47.13530016,503.3333333
6050,6.7321989,2.819492868,4.713530016,50.41666667,67.321989,28.19492868,47.13530016,504.1666667
6060,10.58214865,2.925400426,3.554568433,50.5,105.8214865,29.25400426,35.54568433,505
6070,10.58214865,2.925400426,3.554568433,50.58333333,105.8214865,29.25400426,35.54568433,505.8333333
6080,10.58214865,2.925400426,3.554568433,50.66666667,105.8214865,29.25400426,35.54568433,506.6666667
6090,10.54357901,2.610212238,5.811855234,50.75,105.4357901,26.10212238,58.11855234,507.5
6100,10.54357901,2.610212238,5.811855234,50.83333333,105.4357901,26.10212238,58.11855234,508.3333333
6110,10.54357901,2.610212238,5.811855234,50.91666667,105.4357901,26.10212238,58.11855234,509.1666667
6120,6.283173401,2.30977018,4.941633938,51,62.83173401,23.0977018,49.41633938,510
6130,6.283173401,2.30977018,4.941633938,51.08333333,62.83173401,23.0977018,49.41633938,510.8333333
6140,6.283173401,2.30977018,4.941633938,51.16666667,62.83173401,23.0977018,49.41633938,511.6666667
6150,8.261642082,2.528856281,4.605180295,51.25,82.61642082,25.28856281,46.05180295,512.5
6160,8.261642082,2.528856281,4.605180295,51.33333333,82.61642082,25.28856281,46.05180295,513.3333333
6170,8.261642082,2.528856281,4.605180295,51.41666667,82.61642082,25.28856281,46.05180295,514.1666667
6180,5.557959631,2.402985025,3.010923832,51.5,55.57959631,24.02985025,30.10923832,515
6190,5.557959631,2.402985025,3.010923832,51.58333333,55.57959631,24.02985025,30.10923832,515.8333333
6200,5.557959631,2.402985025,3.010923832,51.66666667,55.57959631,24.02985025,30.10923832,516.6666667
6210,5.536444834,2.065911329,2.5580228,51.75,55.36444834,20.65911329,25.580228,517.5
6220,5.536444834,2.065911329,2.5580228,51.83333333,55.36444834,20.65911329,25.580228,518.3333333
6230,5.536444834,2.065911329,2.5580228,51.91666667,55.36444834,20.65911329,25.580228,519.1666667
6240,4.916648146,2.155818715,2.954685616,52,49.16648146,21.55818715,29.54685616,520
6250,4.916648146,2.155818715,2.954685616,52.08333333,49.16648146,21.55818715,29.54685616,520.8333333
6260,4.916648146,2.155818715,2.954685616,52.16666667,49.16648146,21.55818715,29.54685616,521.6666667
6270,5.652082959,2.680351121,2.024206047,52.25,56.52082959,26.80351121,20.24206047,522.5
6280,5.652082959,2.680351121,2.024206047,52.33333333,56.52082959,26.80351121,20.24206047,523.3333333
6290,5.652082959,2.680351121,2.024206047,52.41666667,56.52082959,26.80351121,20.24206047,524.1666667
6300,6.01518227,2.82058897,3.007427171,52.5,60.1518227,28.2058897,30.07427171,525
6310,6.01518227,2.82058897,3.007427171,52.58333333,60.1518227,28.2058897,30.07427171,525.8333333
6320,6.01518227,2.82058897,3.007427171,52.66666667,60.1518227,28.2058897,30.07427171,526.6666667
6330,6.175440548,2.675123538,4.376863333,52.75,61.75440548,26.75123538,43.76863333,527.5
6340,6.175440548,2.675123538,4.376863333,52.83333333,61.75440548,26.75123538,43.76863333,528.3333333
6350,6.175440548,2.675123538,4.376863333,52.91666667,61.75440548,26.75123538,43.76863333,529.1666667
6360,5.474676072,3.021847817,5.88390282,53,54.74676072,30.21847817,58.8390282,530
6370,5.474676072,3.021847817,5.88390282,53.08333333,54.74676072,30.21847817,58.8390282,530.8333333
6380,5.474676072,3.021847817,5.88390282,53.16666667,54.74676072,30.21847817,58.8390282,531.6666667
6390,6.163763643,2.779015212,3.120952805,53.25,61.63763643,27.79015212,31.20952805,532.5
6400,6.163763643,2.779015212,3.120952805,53.33333333,61.63763643,27.79015212,31.20952805,533.3333333
6410,6.163763643,2.779015212,3.120952805,53.41666667,61.63763643,27.79015212,31.20952805,534.1666667
6420,4.374107872,2.323400448,2.62687807,53.5,43.74107872,23.23400448,26.2687807,535
6430,4.374107872,2.323400448,2.62687807,53.58333333,43.74107872,23.23400448,26.2687807,535.8333333
6440,4.374107872,2.323400448,2.62687807,53.66666667,43.74107872,23.23400448,26.2687807,536.6666667
6450,6.265510955,2.30073249,3.443777383,53.75,62.65510955,23.0073249,34.43777383,537.5
6460,6.265510955,2.30073249,3.443777383,53.83333333,62.65510955,23.0073249,34.43777383,538.3333333
6470,6.265510955,2.30073249,3.443777383,53.91666667,62.65510955,23.0073249,34.43777383,539.1666667
6480,5.00501579,2.261020301,3.525343576,54,50.0501579,22.61020301,35.25343576,540
6490,5.00501579,2.261020301,3.525343576,54.08333333,50.0501579,22.61020301,35.25343576,540.8333333
6500,5.00501579,2.261020301,3.525343576,54.16666667,50.0501579,22.61020301,35.25343576,541.6666667
6510,5.090410262,2.309079092,2.61200846,54.25,50.90410262,23.09079092,26.1200846,542.5
6520,5.090410262,2.309079092,2.61200846,54.33333333,50.90410262,23.09079092,26.1200846,543.3333333
6530,5.090410262,2.309079092,2.61200846,54.41666667,50.90410262,23.09079092,26.1200846,544.1666667
6540,3.64459687,2.017184015,1.128723646,54.5,36.4459687,20.17184015,11.28723646,545
6550,3.64459687,2.017184015,1.128723646,54.58333333,36.4459687,20.17184015,11.28723646,545.8333333
6560,3.64459687,2.017184015,1.128723646,54.66666667,36.4459687,20.17184015,11.28723646,546.6666667
6570,3.283593881,2.062986127,1.92151611,54.75,32.83593881,20.62986127,19.2151611,547.5
6580,3.283593881,2.062986127,1.92151611,54.83333333,32.83593881,20.62986127,19.2151611,548.3333333
6590,3.283593881,2.062986127,1.92151611,54.91666667,32.83593881,20.62986127,19.2151611,549.1666667
6600,4.916220979,1.809615416,3.775157548,55,49.16220979,18.09615416,37.75157548,550
6610,4.916220979,1.809615416,3.775157548,55.08333333,49.16220979,18.09615416,37.75157548,550.8333333
6620,4.916220979,1.809615416,3.775157548,55.16666667,49.16220979,18.09615416,37.75157548,551.6666667
6630,2.548735339,1.852840592,1.122351128,55.25,25.48735339,18.52840592,11.22351128,552.5
6640,2.548735339,1.852840592,1.122351128,55.33333333,25.48735339,18.52840592,11.22351128,553.3333333
6650,2.548735339,1.852840592,1.122351128,55.41666667,25.48735339,18.52840592,11.22351128,554.1666667
6660,1.520667731,1.882311843,1.991547073,55.5,15.20667731,18.82311843,19.91547073,555
6670,1.520667731,1.882311843,1.991547073,55.58333333,15.20667731,18.82311843,19.91547073,555.8333333
6680,1.520667731,1.882311843,1.991547073,55.66666667,15.20667731,18.82311843,19.91547073,556.6666667
6690,3.896298514,1.916473905,0.7158787837,55.75,38.96298514,19.16473905,7.158787837,557.5
6700,3.896298514,1.916473905,0.7158787837,55.83333333,38.96298514,19.16473905,7.158787837,558.3333333
6710,3.896298514,1.916473905,0.7158787837,55.91666667,38.96298514,19.16473905,7.158787837,559.1666667
6720,4.337383445,2.194097885,5.746467203,56,43.37383445,21.94097885,57.46467203,560
6730,4.337383445,2.194097885,5.746467203,56.08333333,43.37383445,21.94097885,57.46467203,560.8333333
6740,4.337383445,2.194097885,5.746467203,56.16666667,43.37383445,21.94097885,57.46467203,561.6666667
6750,4.169789616,2.143265801,3.237706902,56.25,41.69789616,21.43265801,32.37706902,562.5
6760,4.169789616,2.143265801,3.237706902,56.33333333,41.69789616,21.43265801,32.37706902,563.3333333
6770,4.169789616,2.143265801,3.237706902,56.41666667,41.69789616,21.43265801,32.37706902,564.1666667
6780,4.029419357,1.871191018,2.842400155,56.5,40.29419357,18.71191018,28.42400155,565
6790,4.029419357,1.871191018,2.842400155,56.58333333,40.29419357,18.71191018,28.42400155,565.8333333
6800,4.029419357,1.871191018,2.842400155,56.66666667,40.29419357,18.71191018,28.42400155,566.6666667
6810,2.477581814,1.888922156,2.879202517,56.75,24.77581814,18.88922156,28.79202517,567.5
6820,2.477581814,1.888922156,2.879202517,56.83333333,24.77581814,18.88922156,28.79202517,568.3333333
6830,2.477581814,1.888922156,2.879202517,56.91666667,24.77581814,18.88922156,28.79202517,569.1666667
6840,4.735231768,2.28193874,3.04969454,57,47.35231768,22.8193874,30.4969454,570
6850,4.735231768,2.28193874,3.04969454,57.08333333,47.35231768,22.8193874,30.4969454,570.8333333
6860,4.735231768,2.28193874,3.04969454,57.16666667,47.35231768,22.8193874,30.4969454,571.6666667
6870,3.164037634,1.793526444,2.877367194,57.25,31.64037634,17.93526444,28.77367194,572.5
6880,3.164037634,1.793526444,2.877367194,57.33333333,31.64037634,17.93526444,28.77367194,573.3333333
6890,3.164037634,1.793526444,2.877367194,57.41666667,31.64037634,17.93526444,28.77367194,574.1666667
6900,1.79833277,1.769830376,1.010358461,57.5,17.9833277,17.69830376,10.10358461,575
6910,1.79833277,1.769830376,1.010358461,57.58333333,17.9833277,17.69830376,10.10358461,575.8333333
6920,1.79833277,1.769830376,1.010358461,57.66666667,17.9833277,17.69830376,10.10358461,576.6666667
6930,2.415158379,1.65054748,2.133657944,57.75,24.15158379,16.5054748,21.33657944,577.5
6940,2.415158379,1.65054748,2.133657944,57.83333333,24.15158379,16.5054748,21.33657944,578.3333333
6950,2.415158379,1.65054748,2.133657944,57.91666667,24.15158379,16.5054748,21.33657944,579.1666667
6960,2.11567977,1.783376926,0.9484994075,58,21.1567977,17.83376926,9.484994075,580
6970,2.11567977,1.783376926,0.9484994075,58.08333333,21.1567977,17.83376926,9.484994075,580.8333333
6980,2.11567977,1.783376926,0.9484994075,58.16666667,21.1567977,17.83376926,9.484994075,581.6666667
6990,2.185919983,1.782272604,1.311252367,58.25,21.85919983,17.82272604,13.11252367,582.5
7000,2.185919983,1.782272604,1.311252367,58.33333333,21.85919983,17.82272604,13.11252367,583.3333333
7010,2.185919983,1.782272604,1.311252367,58.41666667,21.85919983,17.82272604,13.11252367,584.1666667
7020,1.666373527,1.763496943,1.506241235,58.5,16.66373527,17.63496943,15.06241235,585
7030,1.666373527,1.763496943,1.506241235,58.58333333,16.66373527,17.63496943,15.06241235,585.8333333
7040,1.666373527,1.763496943,1.506241235,58.66666667,16.66373527,17.63496943,15.06241235,586.6666667
7050,1.491709441,1.712850494,0.6256949552,58.75,14.91709441,17.12850494,6.256949552,587.5
7060,1.491709441,1.712850494,0.6256949552,58.83333333,14.91709441,17.12850494,6.256949552,588.3333333
7070,1.491709441,1.712850494,0.6256949552,58.91666667,14.91709441,17.12850494,6.256949552,589.1666667
7080,0.5391961998,1.687287889,0.5856004916,59,5.391961998,16.87287889,5.856004916,590
7090,0.5391961998,1.687287889,0.5856004916,59.08333333,5.391961998,16.87287889,5.856004916,590.8333333
7100,0.5391961998,1.687287889,0.5856004916,59.16666667,5.391961998,16.87287889,5.856004916,591.6666667
7110,0.7104653731,1.645796795,0.905077029,59.25,7.104653731,16.45796795,9.05077029,592.5
7120,0.7104653731,1.645796795,0.905077029,59.33333333,7.104653731,16.45796795,9.05077029,593.3333333
7130,0.7104653731,1.645796795,0.905077029,59.41666667,7.104653731,16.45796795,9.05077029,594.1666667
7140,0.8093032618,1.742894527,0.9062245219,59.5,8.093032618,17.42894527,9.062245219,595
7150,0.8093032618,1.742894527,0.9062245219,59.58333333,8.093032618,17.42894527,9.062245219,595.8333333
7160,0.8093032618,1.742894527,0.9062245219,59.66666667,8.093032618,17.42894527,9.062245219,596.6666667
7170,0.9706315649,1.65175269,0.7011131602,59.75,9.706315649,16.5175269,7.011131602,597.5
7180,0.9706315649,1.65175269,0.7011131602,59.83333333,9.706315649,16.5175269,7.011131602,598.3333333
7190,0.9706315649,1.65175269,0.7011131602,59.91666667,9.706315649,16.5175269,7.011131602,599.1666667
7200,1.433505911,1.737455363,1.261859419,60,14.33505911,17.37455363,12.61859419,600
7210,1.433505911,1.737455363,1.261859419,60.08333333,14.33505911,17.37455363,12.61859419,600.8333333
7220,1.433505911,1.737455363,1.261859419,60.16666667,14.33505911,17.37455363,12.61859419,601.6666667
7230,0.7443670292,1.636308229,0.8956395645,60.25,7.443670292,16.36308229,8.956395645,602.5
7240,0.7443670292,1.636308229,0.8956395645,60.33333333,7.443670292,16.36308229,8.956395645,603.3333333
7250,0.7443670292,1.636308229,0.8956395645,60.41666667,7.443670292,16.36308229,8.956395645,604.1666667
7260,0.788842563,1.57858961,0.3483235798,60.5,7.88842563,15.7858961,3.483235798,605
7270,0.788842563,1.57858961,0.3483235798,60.58333333,7.88842563,15.7858961,3.483235798,605.8333333
7280,0.788842563,1.57858961,0.3483235798,60.66666667,7.88842563,15.7858961,3.483235798,606.6666667
7290,0.623395008,1.629807349,0.4589558453,60.75,6.23395008,16.29807349,4.589558453,607.5
7300,0.623395008,1.629807349,0.4589558453,60.83333333,6.23395008,16.29807349,4.589558453,608.3333333
7310,0.623395008,1.629807349,0.4589558453,60.91666667,6.23395008,16.29807349,4.589558453,609.1666667
7320,0.8543676351,1.5,0.2118109954,61,8.543676351,15,2.118109954,610
7330,0.8543676351,1.5,0.2118109954,61.08333333,8.543676351,15,2.118109954,610.8333333
7340,0.8543676351,1.5,0.2118109954,61.16666667,8.543676351,15,2.118109954,611.6666667
7350,0.8751552191,1.606672528,0.5921947862,61.25,8.751552191,16.06672528,5.921947862,612.5
7360,0.8751552191,1.606672528,0.5921947862,61.33333333,8.751552191,16.06672528,5.921947862,613.3333333
7370,0.8751552191,1.606672528,0.5921947862,61.41666667,8.751552191,16.06672528,5.921947862,614.1666667
7380,0.8196243849,1.608814609,0.4867873777,61.5,8.196243849,16.08814609,4.867873777,615
7390,0.8196243849,1.608814609,0.4867873777,61.58333333,8.196243849,16.08814609,4.867873777,615.8333333
7400,0.8196243849,1.608814609,0.4867873777,61.66666667,8.196243849,16.08814609,4.867873777,616.6666667
7410,0.4277605454,1.565350427,0.3487698926,61.75,4.277605454,15.65350427,3.487698926,617.5
7420,0.4277605454,1.565350427,0.3487698926,61.83333333,4.277605454,15.65350427,3.487698926,618.3333333
7430,0.4277605454,1.565350427,0.3487698926,61.91666667,4.277605454,15.65350427,3.487698926,619.1666667